0
W1:[[3.18565011803148, -2.81434988196852], [-2.81434988196852, 3.18565011803148]]
b1:[[0.3713002360629599], [0.3713002360629599]]
W2:[[-5.0, -5.0]]
b2:[[0.0]]
1
W1:[[3.1854314626482716, -2.81970373468068], [-2.81970373468068, 3.1854314626482716]]
b1:[[0.3744557268982664], [0.3744557268982664]]
W2:[[-5.0003110468006735, -5.0003110468006735]]
b2:[[0.07527643674845107]]
2
W1:[[3.185279110189373, -2.8247834806121745], [-2.8247834806121745, 3.185279110189373]]
b1:[[0.37832260873413], [0.37832260873413]]
W2:[[-5.00069203935299, -5.00069203935299]]
b2:[[0.14760909846879916]]
3
W1:[[3.1851913295527887, -2.829611429541008], [-2.829611429541008, 3.1851913295527887]]
b1:[[0.3828030705465471], [0.3828030705465471]]
W2:[[-5.0011370401064985, -5.0011370401064985]]
b2:[[0.21713112031348444]]
4
W1:[[3.185165737230821, -2.834207858701238], [-2.834207858701238, 3.185165737230821]]
b1:[[0.3878030992202278], [0.3878030992202278]]
W2:[[-5.001640217915226, -5.001640217915226]]
b2:[[0.2839762662574662]]
5
W1:[[3.18519946657055, -2.838591163342602], [-2.838591163342602, 3.18519946657055]]
b1:[[0.3932348215141695], [0.3932348215141695]]
W2:[[-5.002195959572374, -5.002195959572374]]
b2:[[0.34827678927066263]]
6
W1:[[3.185289325739565, -2.8427780039706287], [-2.8427780039706287, 3.185289325739565]]
b1:[[0.39901803321297347], [0.39901803321297347]]
W2:[[-5.002798953404389, -5.002798953404389]]
b2:[[0.4101618077466329]]
7
W1:[[3.1854319356634666, -2.8467834512907078], [-2.8467834512907078, 3.1854319356634666]]
b1:[[0.4050809947546296], [0.4050809947546296]]
W2:[[-5.003444245105454, -5.003444245105454]]
b2:[[0.4697561404550323]]
8
W1:[[3.185623843825525, -2.850621128051218], [-2.850621128051218, 3.185623843825525]]
b1:[[0.41136063112886717], [0.41136063112886717]]
W2:[[-5.004127268770077, -5.004127268770077]]
b2:[[0.5271795263933898]]
9
W1:[[3.185861613402083, -2.8543033460619314], [-2.8543033460619314, 3.185861613402083]]
b1:[[0.41780229185224405], [0.41780229185224405]]
W2:[[-5.004843857530343, -5.004843857530343]]
b2:[[0.5825461530116429]]
10
W1:[[3.1861418895692113, -2.857841236472988], [-2.857841236472988, 3.1861418895692113]]
b1:[[0.4243592174963924], [0.4243592174963924]]
W2:[[-5.005590238613066, -5.005590238613066]]
b2:[[0.6359644217764899]]
11
W1:[[3.186461446088556, -2.86124487167889], [-2.86124487167889, 3.186461446088556]]
b1:[[0.43099183538175156], [0.43099183538175156]]
W2:[[-5.006363017353107, -5.006363017353107]]
b2:[[0.6875368898761393]]
12
W1:[[3.1868172157334023, -2.8645233777194465], [-2.8645233777194465, 3.1868172157334023]]
b1:[[0.4376669783761216], [0.4376669783761216]]
W2:[[-5.007159154048917, -5.007159154048917]]
b2:[[0.7373603380818876]]
13
W1:[[3.187206308036028, -2.867685036605983], [-2.867685036605983, 3.187206308036028]]
b1:[[0.4443570933292751], [0.4443570933292751]]
W2:[[-5.0079759367606025, -5.0079759367606025]]
b2:[[0.7855259255549218]]
14
W1:[[3.187626017462906, -2.870737378497956], [-2.870737378497956, 3.187626017462906]]
b1:[[0.45103948255218856], [0.45103948255218856]]
W2:[[-5.008810952379716, -5.008810952379716]]
b2:[[0.8321194017913227]]
15
W1:[[3.188073824626161, -2.873687264042511], [-2.873687264042511, 3.188073824626161]]
b1:[[0.4576956038475116], [0.4576956038475116]]
W2:[[-5.009662057623755, -5.009662057623755]]
b2:[[0.877221353620545]]
16
W1:[[3.188547392625585, -2.8765409574574377], [-2.8765409574574377, 3.188547392625585]]
b1:[[0.4643104416582496], [0.4643104416582496]]
W2:[[-5.0105273510579, -5.0105273510579]]
b2:[[0.9209074712502667]]
17
W1:[[3.189044560144624, -2.879304191098606], [-2.879304191098606, 3.189044560144624]]
b1:[[0.47087195312143704], [0.47087195312143704]]
W2:[[-5.011405146823102, -5.011405146823102]]
b2:[[0.9632488219900812]]
18
W1:[[3.1895633325220043, -2.8819822223278533], [-2.8819822223278533, 3.1895633325220043]]
b1:[[0.47737058724672493], [0.47737058724672493]]
W2:[[-5.01229395043903, -5.01229395043903]]
b2:[[1.0043121237496988]]
19
W1:[[3.1901018716941203, -2.8845798835097196], [-2.8845798835097196, 3.1901018716941203]]
b1:[[0.4837988722072878], [0.4837988722072878]]
W2:[[-5.013192436832328, -5.013192436832328]]
b2:[[1.044160012949194]]
20
W1:[[3.1906584856469493, -2.8871016259359785], [-2.8871016259359785, 3.1906584856469493]]
b1:[[0.49015106410680465], [0.49015106410680465]]
W2:[[-5.014099430594653, -5.014099430594653]]
b2:[[1.082851303320284]]
21
W1:[[3.191231617820493, -2.889551558422077], [-2.889551558422077, 3.191231617820493]]
b1:[[0.49642285001599296], [0.49642285001599296]]
W2:[[-5.015013888382514, -5.015013888382514]]
b2:[[1.1204412333975047]]
22
W1:[[3.1918198367625545, -2.8919334812516597], [-2.8919334812516597, 3.1918198367625545]]
b1:[[0.5026110981526316], [0.5026110981526316]]
W2:[[-5.015934883316955, -5.015934883316955]]
b2:[[1.1569817014351407]]
23
W1:[[3.192421826221596, -2.8942509160727345], [-2.8942509160727345, 3.192421826221596]]
b1:[[0.5087136485311894], [0.5087136485311894]]
W2:[[-5.0168615912138455, -5.0168615912138455]]
b2:[[1.1925214871444347]]
24
W1:[[3.1930363757915123, -2.8965071322772733], [-2.8965071322772733, 3.1930363757915123]]
b1:[[0.5147291380465598], [0.5147291380465598]]
W2:[[-5.017793278466044, -5.017793278466044]]
b2:[[1.2271064601032386]]
25
W1:[[3.1936623721669037, -2.898705170328444], [-2.898705170328444, 3.1936623721669037]]
b1:[[0.520656854662877], [0.520656854662877]]
W2:[[-5.018729291400646, -5.018729291400646]]
b2:[[1.2607797750033622]]
26
W1:[[3.1942987910300187, -2.9008478624379515], [-2.9008478624379515, 3.1942987910300187]]
b1:[[0.5264966160815463], [0.5264966160815463]]
W2:[[-5.019669046943338, -5.019669046943338]]
b2:[[1.2935820541103245]]
27
W1:[[3.1949446895653852, -2.902937850940884], [-2.902937850940884, 3.1949446895653852]]
b1:[[0.5322486689223607], [0.5322486689223607]]
W2:[[-5.020612024434496, -5.020612024434496]]
b2:[[1.3255515574455283]]
28
W1:[[3.195599199581853, -2.904977604667036], [-2.904977604667036, 3.195599199581853]]
b1:[[0.5379136050480487], [0.5379136050480487]]
W2:[[-5.021557758455993, -5.021557758455993]]
b2:[[1.3567243412833425]]
29
W1:[[3.1962615212117473, -2.9069694335655996], [-2.9069694335655996, 3.1962615212117473]]
b1:[[0.5434922921885976], [0.5434922921885976]]
W2:[[-5.022505832542378, -5.022505832542378]]
b2:[[1.387134405600466]]
30
W1:[[3.196930917151228, -2.908915501803842], [-2.908915501803842, 3.196930917151228]]
b1:[[0.548985816477485], [0.548985816477485]]
W2:[[-5.023455873664394, -5.023455873664394]]
b2:[[1.4168138311333407]]
31
W1:[[3.197606707403359, -2.9108178395292845], [-2.9108178395292845, 3.197606707403359]]
b1:[[0.5543954349019705], [0.5543954349019705]]
W2:[[-5.024407547386158, -5.024407547386158]]
b2:[[1.4457929066992303]]
32
W1:[[3.198288264484867, -2.9126783534583347], [-2.9126783534583347, 3.198288264484867]]
b1:[[0.5597225360002506], [0.5597225360002506]]
W2:[[-5.025360553609569, -5.025360553609569]]
b2:[[1.4741002474236735]]
33
W1:[[3.19897500905836, -2.9144988364316986], [-2.9144988364316986, 3.19897500905836]]
b1:[[0.5649686074167265], [0.5649686074167265]]
W2:[[-5.026314622830533, -5.026314622830533]]
b2:[[1.5017629044955463]]
34
W1:[[3.1996664059534257, -2.9162809760576325], [-2.9162809760576325, 3.1996664059534257]]
b1:[[0.5701352091599337], [0.5701352091599337]]
W2:[[-5.027269512841344, -5.027269512841344]]
b2:[[1.528806467043954]]
35
W1:[[3.2003619605421605, -2.918026362547707], [-2.918026362547707, 3.2003619605421605]]
b1:[[0.5752239516024567], [0.5752239516024567]]
W2:[[-5.028225005822211, -5.028225005822211]]
b2:[[1.555255156700828]]
36
W1:[[3.201061215437066, -2.9197364958358114], [-2.9197364958358114, 3.201061215437066]]
b1:[[0.5802364774243428], [0.5802364774243428]]
W2:[[-5.02918090577244, -5.02918090577244]]
b2:[[1.5811319153810037]]
37
W1:[[3.2017637474817273, -2.9214127920592254], [-2.9214127920592254, 3.2017637474817273]]
b1:[[0.5851744468363425], [0.5851744468363425]]
W2:[[-5.030137036238366, -5.030137036238366]]
b2:[[1.6064584867788607]]
38
W1:[[3.2024691650071375, -2.923056589470457], [-2.923056589470457, 3.2024691650071375]]
b1:[[0.5900395255312415], [0.5900395255312415]]
W2:[[-5.031093238300812, -5.031093238300812]]
b2:[[1.631255492048087]]
39
W1:[[3.2031771053289178, -2.9246691538398544], [-2.9246691538398544, 3.2031771053289178]]
b1:[[0.5948333749044326], [0.5948333749044326]]
W2:[[-5.032049368789826, -5.032049368789826]]
b2:[[1.6555425000993955]]
40
W1:[[3.2038872324629093, -2.926251683401575], [-2.926251683401575, 3.2038872324629093]]
b1:[[0.5995576441619234], [0.5995576441619234]]
W2:[[-5.033005298698673, -5.033005298698673]]
b2:[[1.6793380929204045]]
41
W1:[[3.2045992350387227, -2.927805313389111], [-2.927805313389111, 3.2045992350387227]]
b1:[[0.6042139639979051], [0.6042139639979051]]
W2:[[-5.033960911772783, -5.033960911772783]]
b2:[[1.7026599262926865]]
42
W1:[[3.205312824392756, -2.9293311202010615], [-2.9293311202010615, 3.205312824392756]]
b1:[[0.6088039415770558], [0.6088039415770558]]
W2:[[-5.034916103252519, -5.034916103252519]]
b2:[[1.7255247862533083]]
43
W1:[[3.2060277328239697, -2.930830125233111], [-2.930830125233111, 3.2060277328239697]]
b1:[[0.6133291566008066], [0.6133291566008066]]
W2:[[-5.035870778751388, -5.035870778751388]]
b2:[[1.747948641622125]]
44
W1:[[3.206743711997325, -2.932303298408042], [-2.932303298408042, 3.206743711997325]]
b1:[[0.6177911582733978], [0.6177911582733978]]
W2:[[-5.03682485325367, -5.03682485325367]]
b2:[[1.7699466928916678]]
45
W1:[[3.207460531481257, -2.933751561432064], [-2.933751561432064, 3.207460531481257]]
b1:[[0.6221914630139913], [0.6221914630139913]]
W2:[[-5.037778250217524, -5.037778250217524]]
b2:[[1.79153341775367]]
46
W1:[[3.20817797740689, -2.9351757908026115], [-2.9351757908026115, 3.20817797740689]]
b1:[[0.6265315527864337], [0.6265315527864337]]
W2:[[-5.038730900771362, -5.038730900771362]]
b2:[[1.812722613515061]]
47
W1:[[3.208895851237892, -2.9365768205900715], [-2.9365768205900715, 3.208895851237892]]
b1:[[0.6308128739393676], [0.6308128739393676]]
W2:[[-5.03968274299283, -5.03968274299283]]
b2:[[1.8335274366365792]]
48
W1:[[3.2096139686409555, -2.93795544501351], [-2.93795544501351, 3.2096139686409555]]
b1:[[0.6350368364669824], [0.6350368364669824]]
W2:[[-5.0406337212610755, -5.0406337212610755]]
b2:[[1.8539604396089162]]
49
W1:[[3.2103321584478666, -2.939312420828395], [-2.939312420828395, 3.2103321584478666]]
b1:[[0.6392048136153798], [0.6392048136153798]]
W2:[[-5.041583785674101, -5.041583785674101]]
b2:[[1.874033605364459]]
0
W1:[[3.18565011803148, -2.81434988196852], [-2.81434988196852, 3.18565011803148]]
b1:[[0.3713002360629599], [0.3713002360629599]]
W2:[[-5.0, -5.0]]
b2:[[0.0]]
1
W1:[[3.1854314626482716, -2.81970373468068], [-2.81970373468068, 3.1854314626482716]]
b1:[[0.3744557268982664], [0.3744557268982664]]
W2:[[-5.0003110468006735, -5.0003110468006735]]
b2:[[0.07527643674845107]]
2
W1:[[3.185279110189373, -2.8247834806121745], [-2.8247834806121745, 3.185279110189373]]
b1:[[0.37832260873413], [0.37832260873413]]
W2:[[-5.00069203935299, -5.00069203935299]]
b2:[[0.14760909846879916]]
3
W1:[[3.1851913295527887, -2.829611429541008], [-2.829611429541008, 3.1851913295527887]]
b1:[[0.3828030705465471], [0.3828030705465471]]
W2:[[-5.0011370401064985, -5.0011370401064985]]
b2:[[0.21713112031348444]]
4
W1:[[3.185165737230821, -2.834207858701238], [-2.834207858701238, 3.185165737230821]]
b1:[[0.3878030992202278], [0.3878030992202278]]
W2:[[-5.001640217915226, -5.001640217915226]]
b2:[[0.2839762662574662]]
5
W1:[[3.18519946657055, -2.838591163342602], [-2.838591163342602, 3.18519946657055]]
b1:[[0.3932348215141695], [0.3932348215141695]]
W2:[[-5.002195959572374, -5.002195959572374]]
b2:[[0.34827678927066263]]
6
W1:[[3.185289325739565, -2.8427780039706287], [-2.8427780039706287, 3.185289325739565]]
b1:[[0.39901803321297347], [0.39901803321297347]]
W2:[[-5.002798953404389, -5.002798953404389]]
b2:[[0.4101618077466329]]
7
W1:[[3.1854319356634666, -2.8467834512907078], [-2.8467834512907078, 3.1854319356634666]]
b1:[[0.4050809947546296], [0.4050809947546296]]
W2:[[-5.003444245105454, -5.003444245105454]]
b2:[[0.4697561404550323]]
8
W1:[[3.185623843825525, -2.850621128051218], [-2.850621128051218, 3.185623843825525]]
b1:[[0.41136063112886717], [0.41136063112886717]]
W2:[[-5.004127268770077, -5.004127268770077]]
b2:[[0.5271795263933898]]
9
W1:[[3.185861613402083, -2.8543033460619314], [-2.8543033460619314, 3.185861613402083]]
b1:[[0.41780229185224405], [0.41780229185224405]]
W2:[[-5.004843857530343, -5.004843857530343]]
b2:[[0.5825461530116429]]
10
W1:[[3.1861418895692113, -2.857841236472988], [-2.857841236472988, 3.1861418895692113]]
b1:[[0.4243592174963924], [0.4243592174963924]]
W2:[[-5.005590238613066, -5.005590238613066]]
b2:[[0.6359644217764899]]
11
W1:[[3.186461446088556, -2.86124487167889], [-2.86124487167889, 3.186461446088556]]
b1:[[0.43099183538175156], [0.43099183538175156]]
W2:[[-5.006363017353107, -5.006363017353107]]
b2:[[0.6875368898761393]]
12
W1:[[3.1868172157334023, -2.8645233777194465], [-2.8645233777194465, 3.1868172157334023]]
b1:[[0.4376669783761216], [0.4376669783761216]]
W2:[[-5.007159154048917, -5.007159154048917]]
b2:[[0.7373603380818876]]
13
W1:[[3.187206308036028, -2.867685036605983], [-2.867685036605983, 3.187206308036028]]
b1:[[0.4443570933292751], [0.4443570933292751]]
W2:[[-5.0079759367606025, -5.0079759367606025]]
b2:[[0.7855259255549218]]
14
W1:[[3.187626017462906, -2.870737378497956], [-2.870737378497956, 3.187626017462906]]
b1:[[0.45103948255218856], [0.45103948255218856]]
W2:[[-5.008810952379716, -5.008810952379716]]
b2:[[0.8321194017913227]]
15
W1:[[3.188073824626161, -2.873687264042511], [-2.873687264042511, 3.188073824626161]]
b1:[[0.4576956038475116], [0.4576956038475116]]
W2:[[-5.009662057623755, -5.009662057623755]]
b2:[[0.877221353620545]]
16
W1:[[3.188547392625585, -2.8765409574574377], [-2.8765409574574377, 3.188547392625585]]
b1:[[0.4643104416582496], [0.4643104416582496]]
W2:[[-5.0105273510579, -5.0105273510579]]
b2:[[0.9209074712502667]]
17
W1:[[3.189044560144624, -2.879304191098606], [-2.879304191098606, 3.189044560144624]]
b1:[[0.47087195312143704], [0.47087195312143704]]
W2:[[-5.011405146823102, -5.011405146823102]]
b2:[[0.9632488219900812]]
18
W1:[[3.1895633325220043, -2.8819822223278533], [-2.8819822223278533, 3.1895633325220043]]
b1:[[0.47737058724672493], [0.47737058724672493]]
W2:[[-5.01229395043903, -5.01229395043903]]
b2:[[1.0043121237496988]]
19
W1:[[3.1901018716941203, -2.8845798835097196], [-2.8845798835097196, 3.1901018716941203]]
b1:[[0.4837988722072878], [0.4837988722072878]]
W2:[[-5.013192436832328, -5.013192436832328]]
b2:[[1.044160012949194]]
20
W1:[[3.1906584856469493, -2.8871016259359785], [-2.8871016259359785, 3.1906584856469493]]
b1:[[0.49015106410680465], [0.49015106410680465]]
W2:[[-5.014099430594653, -5.014099430594653]]
b2:[[1.082851303320284]]
21
W1:[[3.191231617820493, -2.889551558422077], [-2.889551558422077, 3.191231617820493]]
b1:[[0.49642285001599296], [0.49642285001599296]]
W2:[[-5.015013888382514, -5.015013888382514]]
b2:[[1.1204412333975047]]
22
W1:[[3.1918198367625545, -2.8919334812516597], [-2.8919334812516597, 3.1918198367625545]]
b1:[[0.5026110981526316], [0.5026110981526316]]
W2:[[-5.015934883316955, -5.015934883316955]]
b2:[[1.1569817014351407]]
23
W1:[[3.192421826221596, -2.8942509160727345], [-2.8942509160727345, 3.192421826221596]]
b1:[[0.5087136485311894], [0.5087136485311894]]
W2:[[-5.0168615912138455, -5.0168615912138455]]
b2:[[1.1925214871444347]]
24
W1:[[3.1930363757915123, -2.8965071322772733], [-2.8965071322772733, 3.1930363757915123]]
b1:[[0.5147291380465598], [0.5147291380465598]]
W2:[[-5.017793278466044, -5.017793278466044]]
b2:[[1.2271064601032386]]
25
W1:[[3.1936623721669037, -2.898705170328444], [-2.898705170328444, 3.1936623721669037]]
b1:[[0.520656854662877], [0.520656854662877]]
W2:[[-5.018729291400646, -5.018729291400646]]
b2:[[1.2607797750033622]]
26
W1:[[3.1942987910300187, -2.9008478624379515], [-2.9008478624379515, 3.1942987910300187]]
b1:[[0.5264966160815463], [0.5264966160815463]]
W2:[[-5.019669046943338, -5.019669046943338]]
b2:[[1.2935820541103245]]
27
W1:[[3.1949446895653852, -2.902937850940884], [-2.902937850940884, 3.1949446895653852]]
b1:[[0.5322486689223607], [0.5322486689223607]]
W2:[[-5.020612024434496, -5.020612024434496]]
b2:[[1.3255515574455283]]
28
W1:[[3.195599199581853, -2.904977604667036], [-2.904977604667036, 3.195599199581853]]
b1:[[0.5379136050480487], [0.5379136050480487]]
W2:[[-5.021557758455993, -5.021557758455993]]
b2:[[1.3567243412833425]]
29
W1:[[3.1962615212117473, -2.9069694335655996], [-2.9069694335655996, 3.1962615212117473]]
b1:[[0.5434922921885976], [0.5434922921885976]]
W2:[[-5.022505832542378, -5.022505832542378]]
b2:[[1.387134405600466]]
30
W1:[[3.196930917151228, -2.908915501803842], [-2.908915501803842, 3.196930917151228]]
b1:[[0.548985816477485], [0.548985816477485]]
W2:[[-5.023455873664394, -5.023455873664394]]
b2:[[1.4168138311333407]]
31
W1:[[3.197606707403359, -2.9108178395292845], [-2.9108178395292845, 3.197606707403359]]
b1:[[0.5543954349019705], [0.5543954349019705]]
W2:[[-5.024407547386158, -5.024407547386158]]
b2:[[1.4457929066992303]]
32
W1:[[3.198288264484867, -2.9126783534583347], [-2.9126783534583347, 3.198288264484867]]
b1:[[0.5597225360002506], [0.5597225360002506]]
W2:[[-5.025360553609569, -5.025360553609569]]
b2:[[1.4741002474236735]]
33
W1:[[3.19897500905836, -2.9144988364316986], [-2.9144988364316986, 3.19897500905836]]
b1:[[0.5649686074167265], [0.5649686074167265]]
W2:[[-5.026314622830533, -5.026314622830533]]
b2:[[1.5017629044955463]]
34
W1:[[3.1996664059534257, -2.9162809760576325], [-2.9162809760576325, 3.1996664059534257]]
b1:[[0.5701352091599337], [0.5701352091599337]]
W2:[[-5.027269512841344, -5.027269512841344]]
b2:[[1.528806467043954]]
35
W1:[[3.2003619605421605, -2.918026362547707], [-2.918026362547707, 3.2003619605421605]]
b1:[[0.5752239516024567], [0.5752239516024567]]
W2:[[-5.028225005822211, -5.028225005822211]]
b2:[[1.555255156700828]]
36
W1:[[3.201061215437066, -2.9197364958358114], [-2.9197364958358114, 3.201061215437066]]
b1:[[0.5802364774243428], [0.5802364774243428]]
W2:[[-5.02918090577244, -5.02918090577244]]
b2:[[1.5811319153810037]]
37
W1:[[3.2017637474817273, -2.9214127920592254], [-2.9214127920592254, 3.2017637474817273]]
b1:[[0.5851744468363425], [0.5851744468363425]]
W2:[[-5.030137036238366, -5.030137036238366]]
b2:[[1.6064584867788607]]
38
W1:[[3.2024691650071375, -2.923056589470457], [-2.923056589470457, 3.2024691650071375]]
b1:[[0.5900395255312415], [0.5900395255312415]]
W2:[[-5.031093238300812, -5.031093238300812]]
b2:[[1.631255492048087]]
39
W1:[[3.2031771053289178, -2.9246691538398544], [-2.9246691538398544, 3.2031771053289178]]
b1:[[0.5948333749044326], [0.5948333749044326]]
W2:[[-5.032049368789826, -5.032049368789826]]
b2:[[1.6555425000993955]]
40
W1:[[3.2038872324629093, -2.926251683401575], [-2.926251683401575, 3.2038872324629093]]
b1:[[0.5995576441619234], [0.5995576441619234]]
W2:[[-5.033005298698673, -5.033005298698673]]
b2:[[1.6793380929204045]]
41
W1:[[3.2045992350387227, -2.927805313389111], [-2.927805313389111, 3.2045992350387227]]
b1:[[0.6042139639979051], [0.6042139639979051]]
W2:[[-5.033960911772783, -5.033960911772783]]
b2:[[1.7026599262926865]]
42
W1:[[3.205312824392756, -2.9293311202010615], [-2.9293311202010615, 3.205312824392756]]
b1:[[0.6088039415770558], [0.6088039415770558]]
W2:[[-5.034916103252519, -5.034916103252519]]
b2:[[1.7255247862533083]]
43
W1:[[3.2060277328239697, -2.930830125233111], [-2.930830125233111, 3.2060277328239697]]
b1:[[0.6133291566008066], [0.6133291566008066]]
W2:[[-5.035870778751388, -5.035870778751388]]
b2:[[1.747948641622125]]
44
W1:[[3.206743711997325, -2.932303298408042], [-2.932303298408042, 3.206743711997325]]
b1:[[0.6177911582733978], [0.6177911582733978]]
W2:[[-5.03682485325367, -5.03682485325367]]
b2:[[1.7699466928916678]]
45
W1:[[3.207460531481257, -2.933751561432064], [-2.933751561432064, 3.207460531481257]]
b1:[[0.6221914630139913], [0.6221914630139913]]
W2:[[-5.037778250217524, -5.037778250217524]]
b2:[[1.79153341775367]]
46
W1:[[3.20817797740689, -2.9351757908026115], [-2.9351757908026115, 3.20817797740689]]
b1:[[0.6265315527864337], [0.6265315527864337]]
W2:[[-5.038730900771362, -5.038730900771362]]
b2:[[1.812722613515061]]
47
W1:[[3.208895851237892, -2.9365768205900715], [-2.9365768205900715, 3.208895851237892]]
b1:[[0.6308128739393676], [0.6308128739393676]]
W2:[[-5.03968274299283, -5.03968274299283]]
b2:[[1.8335274366365792]]
48
W1:[[3.2096139686409555, -2.93795544501351], [-2.93795544501351, 3.2096139686409555]]
b1:[[0.6350368364669824], [0.6350368364669824]]
W2:[[-5.0406337212610755, -5.0406337212610755]]
b2:[[1.8539604396089162]]
49
W1:[[3.2103321584478666, -2.939312420828395], [-2.939312420828395, 3.2103321584478666]]
b1:[[0.6392048136153798], [0.6392048136153798]]
W2:[[-5.041583785674101, -5.041583785674101]]
b2:[[1.874033605364459]]
0
W1:[[3.18565011803148, -2.81434988196852], [-2.81434988196852, 3.18565011803148]]
b1:[[0.3713002360629599], [0.3713002360629599]]
W2:[[-5.0, -5.0]]
b2:[[0.0]]
1
W1:[[3.1854314626482716, -2.81970373468068], [-2.81970373468068, 3.1854314626482716]]
b1:[[0.3744557268982664], [0.3744557268982664]]
W2:[[-5.0003110468006735, -5.0003110468006735]]
b2:[[0.07527643674845107]]
2
W1:[[3.185279110189373, -2.8247834806121745], [-2.8247834806121745, 3.185279110189373]]
b1:[[0.37832260873413], [0.37832260873413]]
W2:[[-5.00069203935299, -5.00069203935299]]
b2:[[0.14760909846879916]]
3
W1:[[3.1851913295527887, -2.829611429541008], [-2.829611429541008, 3.1851913295527887]]
b1:[[0.3828030705465471], [0.3828030705465471]]
W2:[[-5.0011370401064985, -5.0011370401064985]]
b2:[[0.21713112031348444]]
4
W1:[[3.185165737230821, -2.834207858701238], [-2.834207858701238, 3.185165737230821]]
b1:[[0.3878030992202278], [0.3878030992202278]]
W2:[[-5.001640217915226, -5.001640217915226]]
b2:[[0.2839762662574662]]
5
W1:[[3.18519946657055, -2.838591163342602], [-2.838591163342602, 3.18519946657055]]
b1:[[0.3932348215141695], [0.3932348215141695]]
W2:[[-5.002195959572374, -5.002195959572374]]
b2:[[0.34827678927066263]]
6
W1:[[3.185289325739565, -2.8427780039706287], [-2.8427780039706287, 3.185289325739565]]
b1:[[0.39901803321297347], [0.39901803321297347]]
W2:[[-5.002798953404389, -5.002798953404389]]
b2:[[0.4101618077466329]]
7
W1:[[3.1854319356634666, -2.8467834512907078], [-2.8467834512907078, 3.1854319356634666]]
b1:[[0.4050809947546296], [0.4050809947546296]]
W2:[[-5.003444245105454, -5.003444245105454]]
b2:[[0.4697561404550323]]
8
W1:[[3.185623843825525, -2.850621128051218], [-2.850621128051218, 3.185623843825525]]
b1:[[0.41136063112886717], [0.41136063112886717]]
W2:[[-5.004127268770077, -5.004127268770077]]
b2:[[0.5271795263933898]]
9
W1:[[3.185861613402083, -2.8543033460619314], [-2.8543033460619314, 3.185861613402083]]
b1:[[0.41780229185224405], [0.41780229185224405]]
W2:[[-5.004843857530343, -5.004843857530343]]
b2:[[0.5825461530116429]]
10
W1:[[3.1861418895692113, -2.857841236472988], [-2.857841236472988, 3.1861418895692113]]
b1:[[0.4243592174963924], [0.4243592174963924]]
W2:[[-5.005590238613066, -5.005590238613066]]
b2:[[0.6359644217764899]]
11
W1:[[3.186461446088556, -2.86124487167889], [-2.86124487167889, 3.186461446088556]]
b1:[[0.43099183538175156], [0.43099183538175156]]
W2:[[-5.006363017353107, -5.006363017353107]]
b2:[[0.6875368898761393]]
12
W1:[[3.1868172157334023, -2.8645233777194465], [-2.8645233777194465, 3.1868172157334023]]
b1:[[0.4376669783761216], [0.4376669783761216]]
W2:[[-5.007159154048917, -5.007159154048917]]
b2:[[0.7373603380818876]]
13
W1:[[3.187206308036028, -2.867685036605983], [-2.867685036605983, 3.187206308036028]]
b1:[[0.4443570933292751], [0.4443570933292751]]
W2:[[-5.0079759367606025, -5.0079759367606025]]
b2:[[0.7855259255549218]]
14
W1:[[3.187626017462906, -2.870737378497956], [-2.870737378497956, 3.187626017462906]]
b1:[[0.45103948255218856], [0.45103948255218856]]
W2:[[-5.008810952379716, -5.008810952379716]]
b2:[[0.8321194017913227]]
15
W1:[[3.188073824626161, -2.873687264042511], [-2.873687264042511, 3.188073824626161]]
b1:[[0.4576956038475116], [0.4576956038475116]]
W2:[[-5.009662057623755, -5.009662057623755]]
b2:[[0.877221353620545]]
16
W1:[[3.188547392625585, -2.8765409574574377], [-2.8765409574574377, 3.188547392625585]]
b1:[[0.4643104416582496], [0.4643104416582496]]
W2:[[-5.0105273510579, -5.0105273510579]]
b2:[[0.9209074712502667]]
17
W1:[[3.189044560144624, -2.879304191098606], [-2.879304191098606, 3.189044560144624]]
b1:[[0.47087195312143704], [0.47087195312143704]]
W2:[[-5.011405146823102, -5.011405146823102]]
b2:[[0.9632488219900812]]
18
W1:[[3.1895633325220043, -2.8819822223278533], [-2.8819822223278533, 3.1895633325220043]]
b1:[[0.47737058724672493], [0.47737058724672493]]
W2:[[-5.01229395043903, -5.01229395043903]]
b2:[[1.0043121237496988]]
19
W1:[[3.1901018716941203, -2.8845798835097196], [-2.8845798835097196, 3.1901018716941203]]
b1:[[0.4837988722072878], [0.4837988722072878]]
W2:[[-5.013192436832328, -5.013192436832328]]
b2:[[1.044160012949194]]
20
W1:[[3.1906584856469493, -2.8871016259359785], [-2.8871016259359785, 3.1906584856469493]]
b1:[[0.49015106410680465], [0.49015106410680465]]
W2:[[-5.014099430594653, -5.014099430594653]]
b2:[[1.082851303320284]]
21
W1:[[3.191231617820493, -2.889551558422077], [-2.889551558422077, 3.191231617820493]]
b1:[[0.49642285001599296], [0.49642285001599296]]
W2:[[-5.015013888382514, -5.015013888382514]]
b2:[[1.1204412333975047]]
22
W1:[[3.1918198367625545, -2.8919334812516597], [-2.8919334812516597, 3.1918198367625545]]
b1:[[0.5026110981526316], [0.5026110981526316]]
W2:[[-5.015934883316955, -5.015934883316955]]
b2:[[1.1569817014351407]]
23
W1:[[3.192421826221596, -2.8942509160727345], [-2.8942509160727345, 3.192421826221596]]
b1:[[0.5087136485311894], [0.5087136485311894]]
W2:[[-5.0168615912138455, -5.0168615912138455]]
b2:[[1.1925214871444347]]
24
W1:[[3.1930363757915123, -2.8965071322772733], [-2.8965071322772733, 3.1930363757915123]]
b1:[[0.5147291380465598], [0.5147291380465598]]
W2:[[-5.017793278466044, -5.017793278466044]]
b2:[[1.2271064601032386]]
25
W1:[[3.1936623721669037, -2.898705170328444], [-2.898705170328444, 3.1936623721669037]]
b1:[[0.520656854662877], [0.520656854662877]]
W2:[[-5.018729291400646, -5.018729291400646]]
b2:[[1.2607797750033622]]
26
W1:[[3.1942987910300187, -2.9008478624379515], [-2.9008478624379515, 3.1942987910300187]]
b1:[[0.5264966160815463], [0.5264966160815463]]
W2:[[-5.019669046943338, -5.019669046943338]]
b2:[[1.2935820541103245]]
27
W1:[[3.1949446895653852, -2.902937850940884], [-2.902937850940884, 3.1949446895653852]]
b1:[[0.5322486689223607], [0.5322486689223607]]
W2:[[-5.020612024434496, -5.020612024434496]]
b2:[[1.3255515574455283]]
28
W1:[[3.195599199581853, -2.904977604667036], [-2.904977604667036, 3.195599199581853]]
b1:[[0.5379136050480487], [0.5379136050480487]]
W2:[[-5.021557758455993, -5.021557758455993]]
b2:[[1.3567243412833425]]
29
W1:[[3.1962615212117473, -2.9069694335655996], [-2.9069694335655996, 3.1962615212117473]]
b1:[[0.5434922921885976], [0.5434922921885976]]
W2:[[-5.022505832542378, -5.022505832542378]]
b2:[[1.387134405600466]]
30
W1:[[3.196930917151228, -2.908915501803842], [-2.908915501803842, 3.196930917151228]]
b1:[[0.548985816477485], [0.548985816477485]]
W2:[[-5.023455873664394, -5.023455873664394]]
b2:[[1.4168138311333407]]
31
W1:[[3.197606707403359, -2.9108178395292845], [-2.9108178395292845, 3.197606707403359]]
b1:[[0.5543954349019705], [0.5543954349019705]]
W2:[[-5.024407547386158, -5.024407547386158]]
b2:[[1.4457929066992303]]
32
W1:[[3.198288264484867, -2.9126783534583347], [-2.9126783534583347, 3.198288264484867]]
b1:[[0.5597225360002506], [0.5597225360002506]]
W2:[[-5.025360553609569, -5.025360553609569]]
b2:[[1.4741002474236735]]
33
W1:[[3.19897500905836, -2.9144988364316986], [-2.9144988364316986, 3.19897500905836]]
b1:[[0.5649686074167265], [0.5649686074167265]]
W2:[[-5.026314622830533, -5.026314622830533]]
b2:[[1.5017629044955463]]
34
W1:[[3.1996664059534257, -2.9162809760576325], [-2.9162809760576325, 3.1996664059534257]]
b1:[[0.5701352091599337], [0.5701352091599337]]
W2:[[-5.027269512841344, -5.027269512841344]]
b2:[[1.528806467043954]]
35
W1:[[3.2003619605421605, -2.918026362547707], [-2.918026362547707, 3.2003619605421605]]
b1:[[0.5752239516024567], [0.5752239516024567]]
W2:[[-5.028225005822211, -5.028225005822211]]
b2:[[1.555255156700828]]
36
W1:[[3.201061215437066, -2.9197364958358114], [-2.9197364958358114, 3.201061215437066]]
b1:[[0.5802364774243428], [0.5802364774243428]]
W2:[[-5.02918090577244, -5.02918090577244]]
b2:[[1.5811319153810037]]
37
W1:[[3.2017637474817273, -2.9214127920592254], [-2.9214127920592254, 3.2017637474817273]]
b1:[[0.5851744468363425], [0.5851744468363425]]
W2:[[-5.030137036238366, -5.030137036238366]]
b2:[[1.6064584867788607]]
38
W1:[[3.2024691650071375, -2.923056589470457], [-2.923056589470457, 3.2024691650071375]]
b1:[[0.5900395255312415], [0.5900395255312415]]
W2:[[-5.031093238300812, -5.031093238300812]]
b2:[[1.631255492048087]]
39
W1:[[3.2031771053289178, -2.9246691538398544], [-2.9246691538398544, 3.2031771053289178]]
b1:[[0.5948333749044326], [0.5948333749044326]]
W2:[[-5.032049368789826, -5.032049368789826]]
b2:[[1.6555425000993955]]
40
W1:[[3.2038872324629093, -2.926251683401575], [-2.926251683401575, 3.2038872324629093]]
b1:[[0.5995576441619234], [0.5995576441619234]]
W2:[[-5.033005298698673, -5.033005298698673]]
b2:[[1.6793380929204045]]
41
W1:[[3.2045992350387227, -2.927805313389111], [-2.927805313389111, 3.2045992350387227]]
b1:[[0.6042139639979051], [0.6042139639979051]]
W2:[[-5.033960911772783, -5.033960911772783]]
b2:[[1.7026599262926865]]
42
W1:[[3.205312824392756, -2.9293311202010615], [-2.9293311202010615, 3.205312824392756]]
b1:[[0.6088039415770558], [0.6088039415770558]]
W2:[[-5.034916103252519, -5.034916103252519]]
b2:[[1.7255247862533083]]
43
W1:[[3.2060277328239697, -2.930830125233111], [-2.930830125233111, 3.2060277328239697]]
b1:[[0.6133291566008066], [0.6133291566008066]]
W2:[[-5.035870778751388, -5.035870778751388]]
b2:[[1.747948641622125]]
44
W1:[[3.206743711997325, -2.932303298408042], [-2.932303298408042, 3.206743711997325]]
b1:[[0.6177911582733978], [0.6177911582733978]]
W2:[[-5.03682485325367, -5.03682485325367]]
b2:[[1.7699466928916678]]
45
W1:[[3.207460531481257, -2.933751561432064], [-2.933751561432064, 3.207460531481257]]
b1:[[0.6221914630139913], [0.6221914630139913]]
W2:[[-5.037778250217524, -5.037778250217524]]
b2:[[1.79153341775367]]
46
W1:[[3.20817797740689, -2.9351757908026115], [-2.9351757908026115, 3.20817797740689]]
b1:[[0.6265315527864337], [0.6265315527864337]]
W2:[[-5.038730900771362, -5.038730900771362]]
b2:[[1.812722613515061]]
47
W1:[[3.208895851237892, -2.9365768205900715], [-2.9365768205900715, 3.208895851237892]]
b1:[[0.6308128739393676], [0.6308128739393676]]
W2:[[-5.03968274299283, -5.03968274299283]]
b2:[[1.8335274366365792]]
48
W1:[[3.2096139686409555, -2.93795544501351], [-2.93795544501351, 3.2096139686409555]]
b1:[[0.6350368364669824], [0.6350368364669824]]
W2:[[-5.0406337212610755, -5.0406337212610755]]
b2:[[1.8539604396089162]]
49
W1:[[3.2103321584478666, -2.939312420828395], [-2.939312420828395, 3.2103321584478666]]
b1:[[0.6392048136153798], [0.6392048136153798]]
W2:[[-5.041583785674101, -5.041583785674101]]
b2:[[1.874033605364459]]
